10
4
6
16
5
2
5
6
2
2
2
1
2
4
3
2
15
6
2
11
14
2
4
3
16
2
2
1
6
4
13
3
4
14
5
1
6
15
9
6
9
6
2
4
2
3
4
2
3
2
12
7
1
2
11
8
4
2
4
2
3
9
3
10
5
5
3
7
2
11
5
20
2
5
3
2
2
20
7
6
2
13
2
2
2
3
2
3
11
4
3
3
2
4
14
8
18
6
6
5
5
6
4
4
2
5
3
2
2
2
5
3
3
8
3
10
3
16
7
5
4
3
7
1
11
2
2
2
2
2
2
5
4
17
8
13
13
2
10
11
2
1
2
3
3
6
3
2
3
3
10
1
8
2
17
3
3
2
5
2
2
3
20
3
2
9
1
4
3
3
3
4
3
18
3
2
4
3
15
3
3
2
4
3
3
3
2
4
3
6
2
2
3
11
8
18
6
3
9
5
6
6
3
2
3
2
3
2
3
4
7
7
5
5
4
4
4
2
3
5
3
2
8
3
6
1
11
3
8
4
10
5
13
4
2
2
2
3
4
7
8
6
4
15
2
9
6
18
2
3
2
4
2
3
13
3
3
3
2
5
10
2
2
2
2
17
14
5
9
8
9
17
4
3
5
4
3
3
5
3
2
4
7
6
12
2
7
4
2
5
10
8
3
3
11
3
2
3
3
8
4
9
8
11
3
10
4
2
4
3
3
8
5
2
4
10
4
11
2
9
5
3
1
4
4
6
15
7
2
1
2
3
16
1
16
4
20
5
1
10
3
2
13
7
3
1
3
5
5
2
3
8
7
7
4
2
4
2
4
17
2
2
4
4
2
3
7
2
3
7
9
14
11
6
12
5
5
4
2
10
4
5
12
4
2
2
4
16
7
3
2
2
3
3
4
4
20
4
6
3
3
3
2
3
3
3
3
3
5
3
4
3
3
4
6
4
2
3
4
4
6
6
3
2
3
4
8
7
